01
02
102
702
03
103
04
05
06
07
08
09
10
11
111
12
13
113
14
15
16
116
716
17
18
188
19
21
121
22
122
23
93
123
193
24
84
88
124
25
125
725
26
126
27
127
28
29
30
130
31
32
33
34
134
35
36
136
37
38
138
39
91
40
41
82
42
142
43
44
45
46
47
147
48
49
50
90
150
190
750
790
51
52
152
252
53
54
154
754
55
155
56
156
57
58
158
59
81
159
60
61
161
761
62
63
163
763
64
164
65
66
96
166
196
67
68
69
169
70
71
72
172
73
173
74
174
774
75
80
76
77
97
99
177
199
197
777
797
799
977
277
297
299
78
98
178
198
79
80
180
81
181
82
777
83
84
184
85
185
86
186
87
89
92
192
94
95
